  2.7233330e-001  0.0000000e+000
  5.3959354e-001  2.8035843e-001
  7.9680218e-001  6.5805035e-001
  1.0391679e+000  1.4145143e+000
  1.2621759e+000  2.4275541e+000
  1.4616719e+000  3.9922744e+000
  1.6339398e+000  6.0711286e+000
  1.7757704e+000  9.0102114e+000
  1.8845218e+000  1.2902717e+001
  1.9581682e+000  1.8199948e+001
  1.9953375e+000  2.5208577e+001
  1.9953375e+000  3.4601177e+001
  1.9581682e+000  4.7028989e+001
  1.8845218e+000  6.3582211e+001
  1.7757704e+000  8.5501917e+001
  1.6339398e+000  1.1463105e+002
  1.4616719e+000  1.5325481e+002
  1.2621759e+000  2.0456133e+002
  1.0391679e+000  2.7265700e+002
  7.9680218e-001  3.6313307e+002
  5.3959354e-001  4.8330760e+002
  2.7233330e-001  6.4302679e+002
  2.4492936e-016  8.5529066e+002
 -2.7233330e-001  1.1374768e+003
 -5.3959354e-001  1.5126317e+003
 -7.9680218e-001  2.0114569e+003
 -1.0391679e+000  2.6747572e+003
 -1.2621759e+000  3.5568318e+003
 -1.4616719e+000  4.7298728e+003
 -1.6339398e+000  6.2899281e+003
 -1.7757704e+000  8.3647107e+003
 -1.8845218e+000  1.1124116e+004
 -1.9581682e+000  1.4794068e+004
 -1.9953375e+000  1.9675079e+004
 -1.9953375e+000  2.6166812e+004
 -1.9581682e+000  3.4800825e+004
 -1.8845218e+000  4.6284093e+004
 -1.7757704e+000  6.1556886e+004
 -1.6339398e+000  8.1869769e+004
 -1.4616719e+000  1.0888598e+005
 -1.2621759e+000  1.4481764e+005
 -1.0391679e+000  1.9260686e+005
 -7.9680218e-001  2.5616664e+005
 -5.3959354e-001  3.4070128e+005
 -2.7233330e-001  4.5313250e+005
 -4.8985872e-016  6.0266614e+005
  2.7233330e-001  8.0154604e+005
  5.3959354e-001  1.0660564e+006
  7.9680218e-001  1.4178554e+006
  1.0391679e+000  1.8857482e+006
  1.2621759e+000  2.5080457e+006
  1.4616719e+000  3.3357015e+006
  1.6339398e+000  4.4364838e+006
  1.7757704e+000  5.9005243e+006
  1.8845218e+000  7.8476983e+006
  1.9581682e+000  1.0437440e+007
  1.9953375e+000  1.3881796e+007
  1.9953375e+000  1.8462790e+007
  1.9581682e+000  2.4555511e+007
  1.8845218e+000  3.2658831e+007
  1.7757704e+000  4.3436246e+007
  1.6339398e+000  5.7770208e+007
  1.4616719e+000  7.6834378e+007
  1.2621759e+000  1.0218972e+008
  1.0391679e+000  1.3591233e+008
  7.9680218e-001  1.8076340e+008
  5.3959354e-001  2.4041533e+008
  2.7233330e-001  3.1975238e+008
  7.3478808e-016  4.2527067e+008
 -2.7233330e-001  5.6560999e+008
 -5.3959354e-001  7.5226129e+008
 -7.9680218e-001  1.0005075e+009
 -1.0391679e+000  1.3306750e+009
 -1.2621759e+000  1.7697977e+009
 -1.4616719e+000  2.3538310e+009
 -1.6339398e+000  3.1305952e+009
 -1.7757704e+000  4.1636916e+009
 -1.8845218e+000  5.5377099e+009
 -1.9581682e+000  7.3651541e+009
 -1.9953375e+000  9.7956550e+009
 -1.9953375e+000  1.3028221e+010
 -1.9581682e+000  1.7327534e+010
 -1.8845218e+000  2.3045620e+010
 -1.7757704e+000  3.0650675e+010
 -1.6339398e+000  4.0765398e+010
 -1.4616719e+000  5.4217979e+010
 -1.2621759e+000  7.2109912e+010
 -1.0391679e+000  9.5906183e+010
 -7.9680218e-001  1.2755522e+011
 -5.3959354e-001  1.6964845e+011
 -2.7233330e-001  2.2563243e+011
 -9.7971744e-016  3.0009114e+011
  2.7233330e-001  3.9912121e+011
  5.3959354e-001  5.3083121e+011
  7.9680218e-001  7.0600552e+011
  1.0391679e+000  9.3898734e+011
  1.2621759e+000  1.2488532e+012
  1.4616719e+000  1.6609747e+012
  1.6339398e+000  2.2090963e+012
  1.7757704e+000  2.9380981e+012
  1.7757704e+000  3.9076705e+012
